37	(174,180):(0,0);(156,158):
40	(1,55):(0,0);(124,126):
46	(39,63):(0,0);(86,96):
48	(141,167):(0,0);(58,60):
85	(148,165):(0,0);(88,98):
182	(9,23):(0,0);(59,61):
195	(45,65):(0,0);(8,15):
210	(131,149):(0,0);(153,174):
241	(225,249):(0,0);(102,115):
245	(159,186):(0,0);(115,119):
262	(50,88):(0,0);(5,7):
301	(34,52):(0,0);(127,132):
387	(267,277):(0,0);(250,255):
396	(28,58):(0,0);(97,106):
421	(53,74):(0,0);(156,158):
421	(21,40):(0,0);(156,158):
421	(75,84):(0,0);(156,158):
544	(265,302):(0,0);(202,204):
544	(223,260):(0,0);(202,204):
586	(28,50):(0,0);(86,88):
592	(43,52):(0,0);(129,146):
599	(19,28):(0,0);(136,139);(1,3):
606	(56,72):(0,0);(122,125);(12,29):
606	(135,141):(0,0);(122,125):
607	(210,218):(0,0);(252,286):
681	(45,55):(0,0);(20,33):
703	(99,125):(0,0);(13,15):
707	(92,121):(0,0);(12,14):
707	(140,165):(0,0);(12,14):
710	(178,186):(0,0);(125,133):
843	(69,74):(0,0);(36,63):
849	(62,71):(0,0);(120,127):
849	(32,58):(0,0);(120,127):
855	(94,100):(0,0);(8,18):
859	(159,170):(0,0);(37,38):
859	(7,32):(0,0);(37,38):
859	(172,180):(0,0);(37,38):
859	(193,232):(0,0);(37,38):
864	(32,55):(0,0);(20,22):
867	(99,127):(0,0);(21,23):
867	(77,86):(0,0);(21,23):
868	(61,79):(0,0);(93,95):
868	(72,79):(0,0);(93,95):
868	(12,45):(0,0);(93,95):
877	(60,112):(0,0);(34,41):
1038	(181,195):(0,0);(1,3):
1081	(94,113):(0,0);(1,3):
1222	(109,136):(0,0);(9,11):
1222	(70,83):(0,0);(9,11):
1234	(16,25):(0,0);(28,37):
1268	(57,69):(0,0);(1,3):
1275	(76,104):(0,0);(107,120):
1275	(64,75):(0,0);(107,120):
1280	(0,47):(0,0);(50,52):
1288	(67,107):(0,0);(123,130):
1292	(88,111):(0,0);(77,78):
1304	(22,26):(0,0);(57,66):
1340	(53,108):(0,0);(20,32):
1361	(181,190):(0,0);(146,164):
1366	(195,213):(0,0);(7,9):
1366	(160,180):(0,0);(7,9):
1373	(167,215):(0,0);(47,51):
1537	(70,101):(0,0);(32,48):
1636	(35,67):(0,0);(3,6):
1643	(177,198):(0,0);(9,13):
1681	(137,152):(0,0);(27,33):
1948	(119,139):(0,0);(65,66):
2039	(114,133):(0,0);(49,62):
2051	(52,65):(0,0);(68,77):
2149	(175,196):(0,0);(38,50):
2149	(197,259):(0,0);(38,50):
2149	(267,307):(0,0);(38,50):
2194	(60,68):(0,0);(71,80):
2223	(41,48):(0,0);(26,28):
2310	(79,98):(0,0);(11,15):
2410	(89,105):(0,0);(5,7):
2415	(46,65):(0,0);(1,2):
2419	(155,169):(0,0);(106,108):
2502	(84,92):(0,0);(37,39):
2517	(72,98):(0,0);(43,45):
2527	(110,118):(0,0);(177,205):
2581	(139,144):(0,0);(235,243):
2581	(65,86):(0,0);(235,243):
2581	(91,96):(0,0);(235,243):
2583	(50,72):(0,0);(13,19):
2626	(105,118):(0,0);(16,17):
2633	(29,40):(0,0);(17,19):
2761	(281,302):(0,0);(218,224):
2771	(96,110):(0,0);(24,60):
2774	(7,21):(0,0);(114,119):
2815	(77,86):(0,0);(1,2):
2815	(91,109):(0,0);(1,2):
2816	(64,83):(0,0);(18,21):
2820	(65,97):(0,0);(11,13):
2820	(121,125):(0,0);(11,13):
2821	(79,104):(0,0);(201,206):
2821	(27,52):(0,0);(201,206):
2821	(106,149):(0,0);(201,206):
2863	(355,380):(0,0);(20,29):
2863	(354,382):(0,0);(20,29):
2868	(75,94):(0,0);(89,94):
2913	(118,126):(0,0);(31,33):
2932	(92,114):(0,0);(74,77):
2941	(80,96):(0,0);(4,29):
2995	(88,101):(0,0);(16,30):
3067	(12,40):(0,0);(98,103):
3067	(1,10):(0,0);(98,103):
3127	(6,10):(0,0);(25,27):
3172	(261,279):(0,0);(40,108):
3178	(280,289):(0,0);(334,341):
3186	(219,250):(0,0);(72,86):
3223	(1,61):(0,0);(88,94):
3240	(65,102):(0,0);(7,11):
3240	(112,145):(0,0);(7,11):
3264	(173,198):(0,0);(19,41):
3264	(215,222):(0,0);(19,41):
3276	(99,115):(0,0);(70,82):
3319	(48,66):(0,0);(5,7):
3341	(74,94):(0,0);(52,59):
3377	(215,246):(0,0);(61,63):
3406	(141,173):(0,0);(93,116);(57,59):
3436	(117,127):(0,0);(12,13):
3437	(58,68):(0,0);(18,29):
3478	(48,69):(0,0);(5,12):
3525	(72,93):(0,0);(3,5):
3544	(7,58):(0,0);(3,5):
3575	(137,231):(0,0);(43,49):
3575	(86,120):(0,0);(43,49):
3577	(123,136):(0,0);(90,96):
3594	(96,131):(0,0);(34,40):
3604	(281,292):(0,0);(250,253):
3604	(266,276):(0,0);(250,253):
3658	(24,34):(0,0);(49,57):
3731	(197,210):(0,0);(26,40):
3914	(114,142):(0,0);(77,84):
3917	(139,169):(0,0);(201,211):
3925	(51,72):(3,9);(0,0);(16,28):
3969	(58,91):(0,0);(78,81):
3975	(70,120):(0,0);(7,24):
4091	(192,225):(0,0);(87,89):
4118	(144,151):(0,0);(13,29):
4128	(76,98):(0,0);(55,57):
4151	(352,377):(0,0);(209,222):
4190	(11,30):(0,0);(33,39):
4202	(135,151):(0,0);(23,25):
4311	(118,139):(0,0);(11,32):
4311	(36,87):(0,0);(11,32):
4313	(131,140):(0,0);(171,175):
4336	(73,90):(15,20);(0,0):
4336	(44,48):(15,20);(0,0):
4416	(119,127):(0,0);(42,48):
4417	(1,20):(0,0);(79,168):
4555	(119,132):(0,0);(34,56):
4573	(96,101):(0,0);(4,11):
4606	(24,42):(0,0);(76,87):
4665	(41,69):(0,0);(58,61):
4672	(63,81):(89,98);(0,0);(1,3):
4702	(67,81):(0,0);(1,3):
4710	(1,24):(0,0);(257,261):
4719	(12,41):(1,3);(0,0);(85,89):
4726	(32,42):(0,0);(99,101);(1,3):
4730	(53,81):(0,0);(39,41):
4730	(111,135):(0,0);(39,41):
4739	(24,62):(0,0);(1,3):
4743	(70,129):(0,0);(2,4):
4749	(170,180):(0,0);(11,13):
4749	(88,96):(0,0);(11,13):
4750	(19,43):(0,0);(2,4):
4757	(15,29):(0,0);(1,5):
4760	(161,180):(0,0);(202,207):
4788	(46,70):(0,0);(1,2):
4817	(175,220):(0,0);(65,73):
4819	(208,241):(0,0);(93,110);(123,129):
4832	(100,151):(0,0);(1,2):
4839	(19,38):(0,0);(1,3):
4846	(47,69):(0,0);(13,16):
4849	(19,38):(0,0);(1,3):
4874	(40,94):(0,0);(5,29):
4880	(124,149):(0,0);(52,56):
4881	(173,213):(0,0);(39,43):
4900	(59,86):(0,0);(20,37):
4905	(92,105):(0,0);(34,61):
4941	(18,60):(0,0);(18,19):
4983	(58,84):(0,0);(13,30):
5009	(118,146):(0,0);(275,289):
5190	(122,128):(0,0);(34,37):
5226	(56,109):(0,0);(19,29):
5231	(63,67):(0,0);(109,119):
5231	(37,48):(0,0);(109,119):
5237	(44,68):(0,0);(11,21):
5291	(154,195):(0,0);(91,95):
5301	(148,168):(0,0);(209,238):
5301	(173,206):(0,0);(209,238):
5312	(291,312):(0,0);(96,98):
5337	(104,125):(0,0);(4,6):
5345	(82,115):(0,0);(156,161);(30,32):
5345	(130,153):(0,0);(156,161);(30,32):
5356	(0,22):(0,0);(193,199):
5362	(192,254):(0,0);(154,160):
5363	(1,38):(0,0);(104,107):
5379	(61,83):(0,0);(84,87):
5379	(133,179):(0,0);(84,87):
5459	(239,260):(0,0);(203,207):
5483	(55,69):(0,0);(90,96):
5490	(31,73):(0,0);(76,82):
5490	(0,23):(0,0);(76,82):
5491	(34,79):(0,0);(1,3):
5496	(117,144):(0,0);(55,76):
5496	(97,110):(0,0);(55,76):
5499	(60,86):(0,0);(60,69):
5500	(68,89):(0,0);(30,41):
5500	(96,114):(0,0);(30,41):
5501	(112,136):(0,0);(88,96):
5504	(128,171):(0,0);(172,194):
5509	(200,236):(0,0);(127,148):
5510	(154,169):(0,0);(178,184):
5512	(56,83):(0,0);(188,193):
5521	(69,77):(0,0);(1,2):
5578	(69,111):(0,0);(12,29):
5613	(184,192):(0,0);(217,223):
5639	(89,101):(0,0);(133,155):
5648	(33,67):(0,0);(45,55):
5679	(58,71):(0,0);(4,35):
5680	(119,146):(0,0);(182,190):
5685	(80,93):(0,0);(32,52):
5686	(64,68):(0,0);(77,98):
5706	(69,102):(0,0);(125,137):
5716	(18,35):(0,0);(65,68):
5719	(195,223):(0,0);(64,89):
5745	(133,153):(0,0);(82,100):
5821	(119,155):(0,0);(103,107):
5823	(203,239):(0,0);(166,169):
5834	(30,43):(0,0);(84,90):
5834	(52,76):(0,0);(84,90):
5840	(100,114):(0,0);(1,2):
5845	(34,56):(1,3);(0,0);(125,131):
5852	(0,22):(0,0);(30,36):
6053	(55,63):(0,0);(13,25):
6057	(0,22):(0,0);(24,29):
6068	(33,51):(0,0);(4,11):
6069	(97,165):(0,0);(1,3):
6078	(12,36):(1,3);(0,0):
6101	(96,114):(0,0);(73,91):
6160	(95,111):(0,0);(16,22):
6176	(124,153):(0,0);(185,189):
6179	(75,102):(0,0);(220,224):
6194	(153,187):(0,0);(63,81):
6194	(135,148):(0,0);(63,81):
6210	(103,139):(0,0);(164,182);(83,93):
6313	(69,86):(0,0);(16,30):
6351	(248,260):(0,0);(261,269):
6374	(60,86):(0,0);(26,31):
6376	(100,129):(0,0);(77,81):
6376	(148,158):(0,0);(77,81):
6381	(79,93):(0,0);(27,57):
6382	(301,317):(0,0);(149,153):
6423	(10,34):(0,0);(106,107):
6427	(189,207):(0,0);(180,183):
6437	(102,140):(0,0);(10,12):
6473	(143,168):(0,0);(259,263):
6476	(213,220):(0,0);(11,13):
6494	(136,162):(0,0);(8,10):
6523	(55,114):(0,0);(206,212):
6531	(39,52):(0,0);(1,3):
6531	(110,118):(0,0);(1,3):
6629	(15,43):(0,0);(61,73):
6630	(101,157):(0,0);(54,67):
6634	(34,63):(0,0);(46,48):
6636	(137,155):(0,0);(49,85):
6636	(2,46):(0,0);(49,85):
6636	(107,118):(0,0);(49,85):
6637	(157,177):(0,0);(76,77):
6642	(28,48):(0,0);(51,63):
6690	(79,102):(0,0);(107,109):
6702	(70,81):(0,0);(39,55):
6708	(76,87):(0,0);(1,4):
6718	(49,72):(0,0);(1,3):
6748	(28,79):(0,0);(13,23):
6759	(167,174):(0,0);(207,211):
6765	(224,277):(0,0);(154,188):
6765	(209,219):(0,0);(154,188):
6852	(98,104):(0,0);(38,40):
6852	(138,167):(0,0);(38,40):
6881	(15,42):(0,0);(1,3):
6888	(105,113):(0,0);(115,132):
6893	(128,153):(0,0);(4,16):
6896	(113,132):(0,0);(49,75):
6896	(312,346):(0,0);(49,75):
6896	(189,220):(0,0);(49,75):
6934	(68,76):(0,0);(6,8):
6939	(67,75):(0,0);(162,167):
6939	(51,59):(0,0);(162,167):
6941	(102,110):(0,0);(1,2):
6969	(132,147):(0,0);(71,77);(9,11):
7023	(212,217):(0,0);(123,139):
7043	(108,116):(0,0);(44,54):
7047	(89,101):(0,0);(153,162):
7053	(189,199):(0,0);(91,113):
7053	(49,62):(0,0);(91,113):
7053	(201,225):(0,0);(91,113):
7087	(36,49):(0,0);(75,77):
7087	(71,110):(0,0);(75,77):
7092	(62,72):(0,0);(87,112):
7107	(157,167):(0,0);(73,85):
7116	(18,45):(0,0);(4,7):
7161	(25,42):(0,0);(12,13):
7175	(124,131):(0,0);(65,87):
7179	(128,137):(0,0);(184,196);(18,51):
7212	(13,32):(0,0);(80,88):
7240	(88,119):(0,0);(49,53):
7376	(171,179):(0,0);(58,89);(211,253):
7426	(30,42):(0,0);(4,5):
7438	(29,40):(0,0);(6,9):
7501	(32,48):(0,0);(15,17):
7522	(19,38):(0,0);(46,54):
7554	(37,59):(0,0);(20,21):
7593	(36,44):(1,3);(0,0):
7638	(88,98):(0,0);(4,52):
7644	(144,154):(0,0);(50,88):
7731	(156,162):(0,0);(23,44):
7737	(25,31):(0,0);(5,7):
7882	(66,78):(0,0);(1,3):
7886	(1,43):(0,0);(46,58):
7950	(108,141):(0,0);(43,59):
7977	(23,40):(0,0);(1,2):
8025	(163,178):(0,0);(137,148):
8069	(77,87):(0,0);(27,32):
8069	(152,158):(0,0);(27,32):
8091	(23,119):(0,0);(122,130):
8121	(134,145):(0,0);(113,119):
8128	(116,121):(0,0);(129,147):
8128	(179,185):(0,0);(129,147):
8128	(228,239):(0,0);(129,147):
8130	(198,206):(0,0);(77,79):
8130	(65,72):(0,0);(77,79):
8132	(54,70):(0,0);(1,2):
8136	(122,133):(0,0);(35,37):
8136	(38,61):(0,0);(35,37):
8146	(115,124):(0,0);(181,185):
8159	(205,212):(0,0);(90,94):
8162	(31,38):(0,0);(7,16):
8180	(132,180):(0,0);(1,3):
8184	(1,18):(0,0);(26,28):
8211	(47,55):(0,0);(1,3):
8233	(89,103):(0,0);(1,5):
8233	(62,83):(0,0);(1,5):
8292	(0,13):(0,0);(21,27):
8314	(72,88):(0,0);(43,51):
8404	(180,186):(0,0);(157,160):
8424	(83,93):(0,0);(6,29):
8536	(23,37):(0,0);(1,3):
8631	(127,137):(0,0);(104,106):
8660	(69,80):(0,0);(160,164):
8725	(2,34):(0,0);(97,103):
8726	(78,132):(113,132);(0,0);(35,37):
8730	(183,199):(0,0);(64,69):
8738	(2,46):(0,0);(50,52):
8742	(17,40):(0,0);(138,143):
8750	(125,145):(0,0);(45,48):
8758	(10,19):(0,0);(32,35):
8784	(193,221):(0,0);(78,80):
8788	(38,81):(0,0);(84,94):
8788	(4,16):(0,0);(84,94):
8804	(17,34):(0,0);(1,2):
8821	(93,108):(0,0);(78,80):
8904	(127,157):(0,0);(81,94):
8923	(132,148):(0,0);(94,99):
9036	(33,44):(0,0);(17,18):
9068	(110,135):(0,0);(68,79):
9111	(115,129):(0,0);(45,47):
9144	(15,41):(0,0);(44,46):
9188	(76,80):(0,0);(134,151);(9,13):
9288	(28,69):(0,0);(1,2):
9321	(47,195):(0,0);(1,3):
9353	(255,263):(0,0);(144,156):
9369	(114,131):(0,0);(46,59):
9387	(222,239):(0,0);(85,131):
9579	(135,155):(0,0);(49,51):
9584	(7,22):(0,0);(26,38):
9588	(37,44):(0,0);(109,114):
9675	(173,196):(0,0);(31,41):
9692	(20,121):(0,0);(1,2):
9722	(20,31):(0,0);(108,127);(1,3):
9769	(79,91):(0,0);(128,146):
9769	(96,122):(0,0);(128,146):
9770	(82,89):(0,0);(61,71):
9875	(73,87):(0,0);(91,105):
9875	(24,39):(0,0);(91,105):
9888	(125,131):(0,0);(24,41):
9888	(111,119):(0,0);(24,41):
9889	(75,94):(0,0);(105,123):
9890	(29,38):(0,0);(8,13):
9892	(99,118):(0,0);(79,95):
9892	(135,144):(0,0);(79,95):
9896	(75,83):(0,0);(18,23):
9897	(100,110):(0,0);(27,32):
9957	(183,207):(0,0);(88,104):
9958	(163,173):(0,0);(26,52):
9961	(132,142):(0,0);(33,50):
9961	(184,214):(0,0);(33,50):
9963	(144,151):(0,0);(88,113):
9970	(72,86):(0,0);(13,44):
9975	(161,169):(0,0);(44,80):
9978	(48,56):(0,0);(13,15):
10030	(41,57):(0,0);(1,2):
10037	(59,63):(0,0);(31,48):
10045	(64,72):(0,0);(15,40):
10230	(122,143):(0,0);(93,107):
10250	(43,62):(0,0);(23,26):
10250	(80,84):(0,0);(23,26):
10258	(185,195):(0,0);(203,207):
10258	(239,260):(0,0);(203,207):
10280	(254,273):(0,0);(111,153):
10353	(96,104):(0,0);(70,77):
10358	(195,199):(0,0);(11,21):
10358	(173,181):(0,0);(11,21):
10388	(448,461):(0,0);(36,38):
10404	(119,138):(0,0);(164,177);(19,40):
10406	(179,187):(0,0);(6,23):
10406	(138,157):(0,0);(6,23):
10412	(79,93):(0,0);(63,76):
10425	(75,84):(0,0);(17,24):
10428	(61,71):(0,0);(10,23);(77,79):
10441	(310,319):(0,0);(110,116):
10441	(252,278):(0,0);(110,116):
10441	(205,221):(0,0);(110,116):
10442	(15,33):(0,0);(139,149):
10442	(15,33):(0,0);(139,149):
10445	(26,52):(0,0);(77,81):
10454	(110,154):(0,0);(66,72):
10527	(155,176):(0,0);(13,30):
10546	(108,123):(0,0);(5,6):
10546	(84,95):(0,0);(5,6):
10563	(51,84):(0,0);(85,93):
10568	(149,171):(0,0);(37,40):
10568	(55,61):(0,0);(37,40):
10633	(149,159):(0,0);(141,145):
10640	(52,75):(0,0);(47,51):
10643	(133,146):(0,0);(151,157):
10647	(74,80):(0,0);(176,181):
10653	(15,31):(0,0);(128,174):
10687	(52,61):(0,0);(74,92):
10697	(47,51):(0,0);(3,13):
10740	(215,222):(0,0);(27,44);(57,67):
10757	(16,39):(0,0);(13,15):
10820	(127,138):(0,0);(38,44):
10820	(72,80):(0,0);(38,44):
10828	(70,78):(0,0);(53,59):
10829	(79,83):(0,0);(30,42):
10864	(28,39):(0,0);(13,17):
10864	(114,124):(0,0);(13,17):
10867	(141,153):(0,0);(105,109):
10873	(123,133):(0,0);(135,182):
10875	(202,213):(0,0);(92,146):
10911	(22,32):(0,0);(76,88):
10964	(142,149):(0,0);(4,21):
10971	(171,204):(0,0);(87,103):
10972	(130,140):(0,0);(33,50):
10972	(181,211):(0,0);(33,50):
10978	(161,166):(0,0);(50,63):
10978	(127,135):(0,0);(50,63):
10980	(64,72):(0,0);(32,36):
10981	(72,82):(0,0);(123,127):
10981	(94,108):(0,0);(123,127):
10984	(118,134):(0,0);(95,108):
10986	(88,111):(0,0);(50,52):
10986	(37,58):(0,0);(50,52):
10986	(161,188):(0,0);(50,52):
10986	(60,83):(0,0);(50,52):
11010	(33,37):(0,0);(72,75):
11012	(137,152):(0,0);(32,68):
11054	(142,156):(0,0);(45,55):
11071	(98,108):(0,0);(57,64):
11098	(18,32):(0,0);(1,3);(15,17):
11106	(32,46):(0,0);(155,160);(1,3):
11107	(32,46):(0,0);(4,15):
11167	(45,77):(0,0);(21,22):
11204	(34,72):(0,0);(59,60):
11250	(127,151):(0,0);(63,93):
11257	(26,42):(0,0);(23,25):
11414	(45,49):(26,28);(0,0):
11414	(4,38):(26,28);(0,0):
11425	(0,9):(17,26);(0,0):
11459	(0,9):(17,34);(0,0):
11529	(180,199):(0,0);(48,63):
11573	(153,177):(0,0);(14,16):
11574	(148,171):(0,0);(122,123):
11581	(101,116):(93,96);(0,0):
11643	(71,75):(0,0);(142,145):
11644	(220,226):(0,0);(11,36):
11745	(57,78):(0,0);(13,14):
11804	(7,12):(0,0);(1,3):
11806	(53,68):(0,0);(4,6):
11847	(127,161):(0,0);(44,53):
11855	(95,122):(0,0);(76,77):
12268	(33,37):(0,0);(43,45):
13031	(144,152):(0,0);(90,104):
13087	(43,55):(7,9);(0,0):
13111	(179,201):(0,0);(33,99):
13134	(69,86):(0,0);(36,40):
13421	(85,90):(0,0);(50,59):
13501	(63,130):(0,0);(29,36):
13695	(11,27):(0,0);(12,13):
13873	(40,46):(0,0);(4,14):
13885	(80,91):(0,0);(10,11):
13885	(80,91):(0,0);(10,11):
13894	(21,43):(0,0);(107,120):
13898	(112,121):(0,0);(62,65);(19,42):
13919	(200,207):(0,0);(43,44):
13938	(106,133):(0,0);(13,14):
13940	(54,95):(0,0);(4,5):
13943	(501,520):(0,0);(1,3):
14047	(38,44):(0,0);(3,4):
14089	(0,9):(0,0);(47,49):
14123	(110,118):(0,0);(56,60):
14199	(209,262):(0,0);(28,31):
14222	(28,50):(0,0);(5,6):
14299	(101,113):(0,0);(26,28):
14327	(88,92):(0,0);(9,10):
14356	(124,136):(0,0);(11,12):
14423	(13,21):(0,0);(5,6):
14447	(35,52):(0,0);(3,4):
14459	(79,105):(0,0);(25,26):
14459	(62,67):(0,0);(25,26):
14462	(96,102):(0,0);(36,40):
14845	(112,123):(0,1);(27,31):
15002	(26,51):(0,0);(128,145):
15002	(91,105):(0,0);(128,145):
15066	(111,121):(0,0);(82,87):
15132	(20,33):(0,0);(8,10):
15342	(53,109):(0,0);(112,123):
15520	(15,25):(0,0);(48,59):
